[[9,171,85,197,141,99,74,67,75,61],[60,29,216,7,120,154,211,24,80,166],[0,52,27,197,93,137,203,161,128,68],[81,155,200,107,172,227,14,249,168,82],[186,11,199,241,56,28,33,67,39,165],[233,234,215,28,59,212,144,143,103,4],[150,168,193,7,234,159,84,109,89,148],[139,217,111,252,235,244,108,40,141,64],[103,136,121,217,89,102,194,171,47,214],[83,126,145,164,187,18,72,192,6,151]]
[[202,84,229,222,115,78,161,49,141,27],[159,39,200,176,229,109,243,164,14,154],[246,171,156,228,39,1,158,106,148,87],[192,150,230,226,34,237,38,100,99,24],[46,68,80,63,154,40,35,139,174,158],[58,172,129,103,35,154,185,254,122,139],[183,226,146,118,125,126,35,48,249,182],[109,179,164,250,249,16,35,161,174,252],[239,12,221,253,63,22,187,47,9,158],[38,181,171,79,20,13,48,84,47,47]]
[[91,185,161,126,174,187,73,95,114,83],[134,118,19,31,217,110,142,110,25,190],[202,180,170,138,231,248,253,57,99,181],[243,237,200,175,15,60,212,118,106,21],[79,98,163,122,159,226,79,152,96,218],[119,239,82,184,40,166,15,23,150,181],[189,15,250,188,94,152,172,98,15,156],[152,24,4,4,111,103,16,47,233,4],[168,101,216,136,61,3,154,15,135,104],[45,189,222,179,86,64,103,230,27,7]]
[[67,83,12,124,84,252,127,56,39,227],[36,12,112,206,120,124,116,159,177,234],[196,46,234,219,229,78,69,69,113,209],[211,152,103,37,43,225,70,40,221,152],[130,174,53,136,246,177,239,130,162,72],[145,230,120,159,13,175,169,235,183,95],[115,223,223,221,106,49,31,119,146,16],[200,125,187,179,5,18,230,255,157,204],[255,181,76,10,148,38,2,245,186,107],[50,121,26,150,159,186,124,63,123,215]]
[[80,244,189,13,136,26,59,221,191,92],[9,154,54,190,4,129,166,165,166,242],[149,202,2,252,36,126,194,69,180,134],[244,78,196,26,8,124,120,163,110,222],[151,242,131,28,73,22,249,88,152,110],[233,34,176,169,4,133,241,191,231,10],[86,245,40,56,102,185,213,27,182,135],[8,3,54,198,91,161,70,229,179,14],[131,106,171,69,155,210,157,26,22,129],[137,184,186,100,136,160,202,75,180,143]]
[[54,230,151,31,156,172,76,136,136,76],[91,89,45,193,158,194,202,85,69,91],[217,207,106,187,124,73,8,158,230,116],[140,64,75,214,251,184,76,182,93,101],[134,31,144,186,151,203,205,33,163,222],[74,189,163,188,96,214,226,242,242,212],[87,82,143,146,210,78,143,59,117,254],[64,240,138,101,152,118,62,188,104,0],[229,87,94,208,25,209,35,225,78,7],[162,252,227,32,184,16,32,130,234,135]]
[[15,52,61,64,45,80,12,9,185,199],[157,177,204,142,65,242,14,231,151,179],[9,1,73,56,59,23,96,64,40,183],[33,63,4,207,72,66,161,23,52,136],[154,214,146,29,154,107,79,151,199,76],[145,161,140,177,247,13,233,4,5,21],[239,203,224,1,165,94,173,252,69,253],[80,246,178,15,25,50,110,44,156,206],[199,199,120,219,38,127,177,81,214,59],[88,156,17,31,151,206,245,144,118,59]]
[[211,182,16,190,73,183,231,204,154,155],[163,205,130,119,61,251,210,214,66,5],[250,4,190,199,109,121,208,86,50,51],[100,161,63,73,87,89,119,161,129,225],[254,235,255,51,145,1,205,224,185,205],[212,40,18,40,106,229,97,40,102,10],[226,246,222,78,45,162,69,179,159,120],[46,218,217,7,38,55,253,200,42,37],[136,189,112,46,121,227,180,2,248,106],[222,216,26,61,4,225,135,40,59,176]]
[[9,33,36,138,70,145,235,240,184,75],[9,87,82,248,153,189,53,95,251,150],[18,167,144,59,161,116,165,175,36,245],[154,142,173,23,245,117,113,19,77,93],[103,200,94,76,49,61,49,200,185,217],[203,3,38,162,80,97,143,232,231,209],[235,60,204,194,176,121,169,58,2,36],[76,33,17,158,46,72,72,68,10,100],[67,220,244,74,41,150,104,10,197,148],[229,136,42,123,113,42,251,155,154,182]]
[[185,194,27,50,222,244,203,128,126,23],[210,220,33,54,47,218,227,34,5,33],[252,10,81,68,251,186,237,17,71,33],[158,127,232,167,43,150,217,53,143,146],[168,14,11,38,172,13,55,54,181,61],[105,98,129,155,218,251,110,247,122,42],[64,120,186,229,160,163,54,219,230,149],[89,165,182,138,51,96,137,210,158,8],[121,136,174,40,150,37,200,142,72,186],[35,82,37,4,149,148,86,12,35,219]]
[[213,80,119,171,49,75,53,0,166,214],[182,3,149,176,209,93,89,234,14,193],[196,188,60,113,163,81,209,139,254,240],[209,0,183,246,56,214,158,238,110,127],[203,55,44,62,56,214,253,79,251,121],[26,128,14,239,243,24,19,5,7,222],[120,168,1,180,5,182,75,157,119,249],[190,105,123,142,244,140,143,252,57,204],[83,130,142,133,214,80,241,199,3,31],[194,152,230,142,6,34,54,118,57,129]]
[[222,37,29,92,14,76,172,221,191,164],[50,53,99,107,211,163,227,73,0,78],[15,75,168,111,167,94,162,4,101,234],[66,111,215,91,238,25,145,83,125,244],[149,29,198,118,123,79,204,148,160,10],[103,210,170,48,79,31,98,61,182,179],[206,154,86,160,71,39,141,71,69,189],[116,206,10,93,11,144,164,145,164,56],[35,168,239,18,247,140,198,247,70,141],[155,32,93,200,35,144,174,171,134,192]]
[[105,132,92,127,30,89,149,243,225,31],[63,173,87,207,245,34,99,249,182,235],[161,116,223,168,208,53,29,103,34,218],[149,190,83,3,191,216,65,32,1,205],[212,210,251,47,136,248,137,239,5,187],[243,18,119,253,198,243,164,179,173,231],[59,46,208,6,137,127,90,83,16,28],[224,66,248,232,22,206,120,175,31,215],[170,45,97,102,230,130,71,84,60,202],[52,141,114,24,145,166,1,245,165,9]]
[[90,104,3,245,34,151,60,125,79,83],[109,162,48,122,252,175,64,44,191,110],[133,90,161,130,238,135,141,5,153,87],[117,198,78,56,23,127,226,201,22,214],[109,156,23,160,182,173,7,40,254,30],[98,34,242,121,67,122,57,138,206,206],[12,238,49,50,58,198,89,87,179,35],[53,10,124,74,75,212,99,65,41,219],[32,43,34,145,111,249,211,133,240,19],[23,11,120,95,116,19,130,253,213,6]]
[[16,206,29,93,10,136,91,230,141,135],[207,102,158,162,98,86,4,31,174,149],[108,231,58,113,51,65,174,231,69,124],[73,181,86,244,224,59,89,19,114,173],[58,238,87,195,208,168,207,241,116,1],[204,227,108,192,162,39,147,171,42,199],[216,114,160,16,61,25,15,169,193,38],[251,239,171,1,91,125,144,118,159,137],[113,188,114,68,175,101,72,149,82,185],[167,173,231,170,211,199,77,70,133,182]]
[[148,74,116,33,110,33,248,18,234,198],[44,230,42,141,63,207,185,25,26,230],[132,139,27,84,160,172,130,67,170,120],[135,17,221,221,214,245,29,77,97,112],[13,167,212,156,238,183,188,111,196,174],[231,176,136,66,98,217,196,179,65,68],[133,249,96,200,153,100,159,178,147,170],[244,185,143,104,83,54,26,16,244,69],[249,137,251,178,94,162,24,26,202,113],[164,116,173,53,255,207,66,212,38,153]]
[[8,62,201,211,251,38,67,208,98,204],[167,149,115,160,82,222,102,181,32,145],[89,107,225,91,78,136,171,182,248,32],[122,250,127,98,47,47,15,12,87,140],[128,218,185,218,66,63,64,216,29,66],[4,89,189,230,29,155,92,109,133,114],[122,139,214,65,81,171,22,16,113,35],[206,89,94,147,17,126,176,6,25,14],[72,209,153,181,28,33,61,151,69,146],[210,160,134,227,17,243,3,119,136,149]]
[[255,46,97,32,157,10,59,223,193,175],[121,147,105,209,36,152,138,243,190,133],[153,176,84,36,152,137,94,184,251,170],[188,88,98,233,219,179,184,110,209,26],[27,73,165,73,31,10,127,108,103,26],[99,136,114,79,167,16,177,14,67,241],[21,217,187,180,72,82,123,220,5,180],[224,252,18,238,90,79,165,103,241,59],[120,240,210,71,38,161,45,178,62,99],[49,172,142,157,183,28,128,41,247,63]]
[[245,75,173,131,147,18,71,173,157,106],[45,89,101,55,0,251,116,193,212,235],[138,167,41,122,93,104,36,245,136,183],[201,119,21,232,215,61,210,55,152,159],[118,40,16,214,244,196,106,33,180,254],[95,24,116,204,190,77,34,51,38,43],[236,80,37,229,160,181,67,124,95,193],[40,61,41,53,117,98,150,82,132,152],[253,3,65,137,88,176,3,72,42,137],[27,159,17,108,177,37,3,42,54,62]]
[[244,135,54,121,25,231,66,80,103,249],[113,247,2,192,196,188,173,165,142,18],[13,70,242,7,116,150,253,248,82,210],[116,140,242,175,94,219,82,157,250,206],[222,109,190,70,114,163,12,107,100,174],[180,237,15,148,163,221,242,216,103,19],[200,120,43,164,184,69,244,228,234,3],[40,2,212,58,61,52,152,190,6,108],[19,39,213,17,250,182,36,255,177,48],[210,120,13,239,33,13,188,250,8,28]]
