[[3,69,229,187,65,216,1,252,41,9,58],[199,185,55,140,157,11,155,189,204,127,182],[155,99,82,195,82,98,59,141,109,132,7],[229,37,231,102,1,236,37,136,119,113,229],[254,91,65,235,32,120,8,109,203,118,180],[76,169,129,105,124,134,157,192,154,154,181],[191,211,18,163,55,10,174,152,68,8,68],[181,100,246,129,101,66,194,132,254,183,144],[48,215,62,228,151,111,157,233,181,213,74],[73,154,108,217,123,65,253,190,51,50,172],[7,243,28,113,250,32,91,253,22,154,252]]
[[215,161,114,226,98,180,23,134,18,41,55],[6,85,162,98,103,162,75,139,8,93,240],[23,250,148,189,188,63,135,37,9,133,219],[93,162,63,34,144,31,58,33,100,224,187],[72,170,129,110,57,219,177,216,60,48,8],[34,38,32,215,74,23,16,150,187,0,185],[174,57,6,142,127,48,106,54,79,176,127],[174,155,5,34,40,135,72,48,69,64,52],[252,46,116,55,178,173,232,169,226,236,206],[10,207,22,76,193,28,220,246,116,127,140],[140,232,201,45,100,77,202,67,106,140,77]]
[[75,28,209,3,191,67,192,13,207,59,221],[240,121,148,249,15,1,29,212,28,238,190],[168,6,94,103,123,51,180,115,141,107,188],[218,67,167,243,218,135,251,233,14,123,157],[207,121,86,48,233,14,160,186,109,13,136],[140,114,203,163,88,198,140,88,91,173,114],[52,158,80,81,26,37,149,215,50,223,67],[11,53,227,16,75,73,165,210,210,252,175],[82,181,52,40,54,46,53,92,181,31,239],[93,69,183,222,151,242,122,36,149,218,167],[73,103,149,191,71,122,67,177,136,217,116]]
[[4,198,217,163,196,252,193,101,94,111,241],[122,23,99,237,226,213,34,19,39,207,36],[132,123,161,188,240,145,5,39,3,37,80],[187,51,221,140,10,70,98,211,86,114,10],[163,207,206,186,255,83,18,118,182,103,237],[142,220,56,131,241,124,23,143,27,88,234],[52,100,84,66,104,134,149,43,220,206,189],[135,28,178,99,174,195,22,34,106,234,3],[228,222,192,3,83,244,12,73,191,231,229],[117,96,214,105,71,124,57,43,166,60,57],[47,63,215,161,50,73,34,244,177,92,53]]
[[182,121,191,184,145,175,183,47,49,28,149],[158,4,119,24,104,127,89,80,203,192,247],[68,144,114,114,60,72,148,191,171,189,93],[45,194,5,30,138,10,4,234,235,46,101],[158,51,58,168,139,78,96,145,168,135,67],[189,53,46,70,30,115,110,154,113,112,214],[64,213,179,19,73,244,78,76,224,212,200],[221,241,62,56,146,188,70,95,25,21,213],[233,4,206,238,68,235,144,123,81,188,244],[198,241,99,243,119,4,106,67,92,165,110],[244,87,60,7,228,223,177,84,18,86,193]]
[[100,85,42,154,195,124,35,153,70,66,27],[24,183,71,178,171,26,239,66,46,252,243],[32,21,185,81,103,166,196,65,138,129,207],[239,183,92,35,122,19,20,153,155,191,14],[29,177,28,120,244,219,66,228,225,80,78],[167,200,151,138,50,22,175,155,151,46,111],[55,16,189,147,143,240,154,112,9,180,108],[86,129,191,204,121,217,23,74,97,22,89],[107,204,42,164,86,213,23,108,153,42,107],[202,201,89,148,163,89,52,240,13,249,69],[209,192,11,224,206,19,26,206,183,39,77]]
[[23,152,211,30,87,185,8,165,120,200,168],[167,202,157,83,155,137,41,199,50,239,141],[152,46,144,89,232,98,108,195,163,129,121],[152,212,15,45,140,16,53,205,221,16,85],[241,194,33,72,58,177,51,187,128,206,168],[137,254,165,141,252,207,164,56,179,36,38],[46,50,199,68,110,251,25,145,100,17,125],[67,59,204,56,160,40,186,143,231,1,169],[239,75,15,134,254,18,100,41,165,91,49],[203,148,237,128,244,66,55,161,237,106,150],[12,187,105,191,195,47,123,125,35,59,36]]
[[125,147,35,46,44,240,232,91,39,33,18],[116,82,141,248,233,241,78,146,221,133,102],[240,176,54,192,82,246,116,171,179,78,174],[227,17,211,84,103,235,252,60,50,176,94],[58,225,8,10,57,147,127,213,89,29,50],[9,0,100,13,123,242,58,182,189,21,227],[39,221,226,38,82,65,181,253,105,255,56],[9,206,199,39,122,233,93,29,78,227,39],[19,24,62,43,22,14,78,198,55,252,23],[89,37,1,227,204,231,99,96,244,7,204],[82,216,120,41,201,163,244,175,151,232,130]]
[[148,227,238,91,14,233,158,225,167,205,151],[188,14,28,100,252,26,202,80,171,74,249],[172,9,188,86,124,82,156,56,203,140,62],[153,198,169,107,132,218,84,2,58,96,121],[92,4,180,158,76,67,250,67,247,69,86],[154,54,228,158,182,109,76,68,111,1,10],[126,115,84,186,144,149,239,251,169,16,152],[51,172,183,160,220,5,89,61,136,147,247],[67,44,114,133,229,35,229,180,245,239,119],[81,133,64,73,145,178,101,83,251,155,70],[1,2,56,229,22,143,71,234,50,120,117]]
[[36,184,115,251,66,163,130,25,247,221,123],[43,242,148,219,172,42,249,63,59,95,106],[102,82,153,153,165,97,215,40,18,142,127],[41,207,127,60,99,210,134,190,248,122,224],[72,219,13,192,43,246,98,144,182,93,165],[32,197,225,176,43,27,172,190,151,167,232],[172,99,64,152,206,238,209,42,241,15,194],[90,78,30,128,39,197,20,236,192,138,188],[211,148,17,33,216,160,235,25,67,111,2],[21,169,228,83,57,4,155,241,214,200,122],[71,255,171,85,248,34,213,245,173,77,34]]
[[181,95,128,184,80,123,68,202,24,250,246],[211,35,50,133,201,26,160,164,51,242,61],[71,206,225,7,133,1,39,25,144,202,126],[30,40,159,22,81,120,43,177,185,140,14],[78,224,50,5,66,42,218,111,173,196,101],[119,23,177,213,73,245,66,163,253,105,44],[85,5,10,229,178,200,39,121,128,57,175],[57,128,0,212,127,190,251,61,33,28,184],[184,175,135,100,122,47,52,111,22,142,163],[33,138,44,250,91,119,18,72,52,67,44],[199,221,49,212,115,117,131,166,192,72,16]]
[[68,136,215,236,247,85,171,52,174,150,202],[148,72,113,228,159,248,74,207,227,230,28],[102,30,47,81,201,245,77,67,230,136,116],[231,158,234,120,20,68,27,100,93,151,201],[39,49,126,38,122,135,214,172,175,23,114],[109,234,252,194,22,171,125,141,181,136,118],[194,139,119,173,103,156,69,129,49,159,73],[91,250,180,126,95,140,249,61,38,55,228],[100,246,146,201,187,108,109,91,150,149,113],[6,95,73,98,59,87,8,71,244,178,74],[4,210,18,185,171,124,1,44,105,23,4]]
[[60,15,206,214,167,137,150,144,98,4,145],[137,233,112,83,112,115,95,129,89,238,133],[142,185,157,10,149,238,109,44,175,126,236],[232,27,20,150,183,135,42,174,203,89,189],[254,122,230,32,112,118,193,252,27,5,50],[182,128,20,56,157,242,166,34,54,83,18],[156,1,84,63,217,186,215,86,169,34,44],[207,186,34,34,117,126,246,106,177,99,230],[181,100,146,130,126,232,54,8,169,34,105],[235,221,228,202,48,156,6,37,195,90,15],[137,175,88,21,123,125,40,42,202,161,174]]
[[231,53,236,80,132,100,17,52,61,33,148],[202,56,88,143,49,43,91,188,153,156,135],[130,100,35,181,182,104,209,96,81,70,115],[160,140,2,173,62,244,144,190,253,88,33],[250,35,116,23,192,206,53,149,249,51,196],[213,107,178,152,99,76,8,250,115,63,97],[145,100,112,79,153,16,124,8,100,118,44],[202,170,126,153,199,69,205,62,228,223,147],[79,221,186,22,210,163,1,191,147,157,50],[50,165,68,115,150,227,95,41,117,75,120],[60,110,0,176,156,131,112,89,85,6,166]]
[[133,60,5,103,49,211,4,31,193,196,179],[250,38,74,65,200,248,7,233,141,231,122],[118,231,71,77,219,14,238,63,13,37,25],[54,68,68,13,144,149,208,139,243,46,251],[221,152,164,54,179,212,249,12,125,145,186],[10,197,29,32,227,246,245,48,129,182,141],[224,239,6,251,186,104,112,24,2,242,76],[121,9,173,168,164,90,25,69,1,166,134],[122,58,126,239,111,177,216,149,195,171,68],[79,182,179,48,182,26,145,155,100,143,199],[189,75,19,113,58,82,155,22,60,181,230]]
[[149,137,9,75,151,217,13,222,0,184,199],[139,132,42,50,143,239,34,206,183,22,122],[155,188,184,51,170,103,175,133,12,189,235],[229,20,252,46,253,217,253,86,197,232,64],[175,221,15,41,187,58,98,161,200,59,74],[177,143,67,225,225,170,34,34,119,249,81],[78,125,82,8,4,24,184,169,218,170,209],[1,249,222,80,238,106,130,243,119,113,79],[46,241,57,114,110,95,84,54,200,98,198],[130,188,203,100,37,120,81,6,206,231,136],[233,39,200,6,78,0,225,163,213,244,98]]
[[65,192,111,10,96,69,118,21,93,98,76],[204,68,240,61,254,38,14,97,152,105,48],[3,91,140,70,123,2,173,187,67,26,247],[152,192,37,251,157,149,185,81,3,237,194],[112,20,134,114,190,217,214,42,43,120,164],[16,189,19,124,25,201,115,103,161,31,50],[212,171,48,24,2,136,119,167,71,102,66],[63,234,120,191,9,66,211,228,25,237,127],[243,175,102,232,32,124,239,220,155,76,163],[61,63,218,65,165,215,77,177,130,48,62],[205,125,39,4,88,191,49,146,187,5,68]]
[[184,28,113,250,176,195,86,98,103,50,5],[236,83,253,140,212,178,170,203,20,50,174],[13,73,176,107,188,195,139,33,7,173,254],[54,203,105,233,194,163,8,89,250,238,184],[208,243,164,91,27,236,111,123,247,137,177],[47,11,240,114,68,195,236,42,70,75,222],[211,99,14,25,44,251,142,162,120,62,63],[238,75,117,111,175,34,1,141,80,101,139],[195,181,4,168,215,33,254,98,78,89,32],[200,181,90,80,61,23,241,232,244,177,61],[228,243,0,131,137,117,70,165,212,239,102]]
[[103,184,122,12,138,219,188,21,203,210,181],[216,202,165,244,104,62,101,197,95,32,6],[163,96,43,67,106,208,141,179,127,145,35],[36,109,62,117,123,223,164,18,75,169,147],[181,48,215,60,128,67,30,221,11,0,16],[96,21,25,223,70,112,234,134,23,83,35],[181,165,55,181,242,193,133,32,77,211,92],[16,170,249,107,46,80,74,148,160,134,34],[19,13,41,91,154,152,51,38,196,145,63],[145,122,50,4,201,80,91,87,233,178,60],[4,4,110,228,218,66,153,59,129,177,156]]
[[176,209,193,42,19,123,113,69,250,216,89],[15,216,221,39,231,96,201,104,239,239,94],[77,121,178,188,170,3,117,190,242,110,190],[31,41,130,116,110,237,43,115,44,128,182],[255,187,203,252,35,184,194,103,120,57,217],[56,210,229,89,183,202,135,127,70,153,165],[32,176,192,23,179,195,50,40,74,21,78],[223,27,151,56,201,197,56,25,127,44,63],[146,65,209,63,224,125,81,77,189,75,41],[253,162,150,108,246,7,29,8,128,32,169],[226,117,126,174,67,93,113,190,34,46,4]]
