[[107,52,126],[208,177,202],[16,45,247]]
[[131,22,166],[144,43,222],[128,55,125]]
[[154,163,54],[25,31,243],[36,53,239]]
[[210,25,151],[205,126,88],[105,250,67]]
[[151,75,173],[188,8,1],[189,228,39]]
[[12,33,5],[31,120,227],[56,5,60]]
[[240,217,253],[186,191,232],[183,158,76]]
[[28,86,227],[96,99,126],[53,217,138]]
[[235,171,123],[220,178,93],[43,252,127]]
[[138,91,221],[7,28,9],[18,89,250]]
[[61,116,1],[118,250,175],[118,151,181]]
[[83,33,102],[212,169,49],[42,143,126]]
[[173,8,153],[24,227,11],[125,141,211]]
[[78,95,95],[77,22,51],[219,37,253]]
[[19,20,245],[152,137,118],[204,55,161]]
[[215,23,195],[240,127,6],[156,131,115]]
[[135,223,181],[5,246,96],[17,142,209]]
[[170,73,14],[213,142,119],[144,243,65]]
[[75,137,229],[191,205,140],[119,212,244]]
[[212,144,115],[200,129,95],[153,59,24]]

