[[18,66,206,75],[159,67,4,24],[245,231,77,34],[237,214,132,129]]
[[179,6,250,75],[73,89,194,1],[252,159,201,146],[211,16,190,116]]
[[201,152,226,212],[51,113,114,122],[254,65,37,16],[88,254,90,41]]
[[223,178,198,32],[225,157,176,74],[25,123,121,238],[208,236,86,193]]
[[170,85,30,43],[63,209,187,57],[53,22,129,181],[116,142,41,241]]
[[252,180,77,151],[142,205,93,192],[29,123,241,233],[215,119,189,4]]
[[200,229,84,64],[69,39,180,162],[238,77,207,102],[251,190,150,211]]
[[143,243,140,70],[97,8,228,200],[205,112,31,162],[53,181,254,17]]
[[173,163,216,10],[34,43,170,159],[117,26,88,182],[55,84,137,240]]
[[196,110,153,28],[173,212,235,184],[16,142,237,149],[23,99,77,210]]
[[217,35,22,188],[63,150,32,137],[31,127,131,29],[226,53,29,141]]
[[248,146,59,11],[1,180,247,9],[197,197,74,217],[50,99,57,125]]
[[56,191,239,15],[89,32,245,46],[202,170,159,52],[203,12,70,107]]
[[2,67,5,124],[79,223,166,255],[226,232,193,26],[62,177,49,23]]
[[218,191,174,51],[254,64,229,232],[29,73,168,221],[211,100,71,185]]
[[27,238,163,248],[40,187,133,55],[214,193,70,72],[109,219,17,205]]
[[223,219,160,153],[8,149,249,239],[2,199,126,20],[241,223,113,145]]
[[250,69,60,75],[18,26,227,124],[27,214,20,211],[189,127,67,207]]
[[231,117,196,39],[38,35,51,200],[55,167,199,247],[172,232,175,97]]
[[71,85,138,65],[127,211,107,210],[155,94,57,116],[159,170,249,89]]
[[24,11,118,86],[1,157,197,18],[104,20,22,227],[176,219,231,2]]
[[156,209,100,157],[41,248,242,26],[119,200,28,145],[166,216,123,126]]
[[193,66,201,136],[196,80,75,244],[216,118,18,163],[12,69,45,217]]
[[93,39,70,106],[48,25,187,147],[100,15,60,96],[32,172,205,154]]
[[93,203,165,95],[228,10,202,5],[80,20,245,177],[189,16,245,137]]
[[188,160,27,169],[103,146,84,209],[38,101,199,38],[182,159,238,222]]
[[181,120,220,56],[216,232,153,13],[83,215,107,228],[94,57,206,206]]
[[217,80,228,172],[26,154,224,41],[233,106,83,27],[179,51,217,169]]
[[80,220,95,89],[170,197,35,215],[113,201,61,239],[153,11,43,6]]
[[170,97,29,58],[39,27,88,154],[187,118,227,169],[184,2,75,57]]
[[201,52,77,15],[20,242,211,133],[195,185,194,30],[183,63,224,207]]
[[227,183,114,124],[123,129,119,236],[164,65,29,119],[42,112,215,135]]
[[141,170,96,140],[206,194,115,61],[109,75,20,78],[232,188,181,254]]
[[215,136,126,176],[215,138,221,102],[12,174,136,59],[28,79,210,15]]
[[131,170,192,24],[109,43,208,183],[218,86,106,245],[146,44,145,17]]
[[205,22,202,252],[73,59,97,198],[94,26,75,163],[140,54,85,14]]
[[254,198,219,114],[36,97,82,10],[26,96,185,101],[149,50,198,48]]
[[58,98,136,41],[128,193,62,80],[189,6,242,86],[123,158,99,240]]
[[187,144,96,106],[67,11,158,66],[124,253,39,248],[69,207,26,217]]
[[159,138,40,198],[79,105,46,232],[127,61,189,88],[142,61,244,19]]
