[[25,38,106,76,167],[238,17,107,170,169],[118,50,161,120,90],[39,41,5,189,206],[203,35,72,227,141]]
[[69,176,29,5,41],[214,167,120,171,17],[190,150,205,174,58],[165,67,34,47,204],[104,138,183,247,147]]
[[240,161,133,161,111],[187,148,102,88,180],[136,35,109,51,16],[192,207,22,10,193],[135,32,106,87,107]]
[[196,113,110,130,138],[193,98,189,207,30],[178,93,241,217,143],[241,3,191,170,161],[251,102,193,86,42]]
[[208,154,31,74,175],[202,21,74,180,57],[100,167,168,191,80],[147,36,158,135,135],[167,13,32,214,216]]
[[0,43,149,171,162],[224,45,85,213,141],[153,142,111,53,127],[104,183,174,183,43],[118,250,63,115,241]]
[[34,113,119,77,142],[12,127,251,136,40],[76,131,121,155,25],[236,101,72,20,223],[55,100,154,103,79]]
[[114,3,59,196,35],[23,66,109,217,30],[13,69,99,91,78],[205,157,10,34,182],[247,58,101,12,2]]
[[155,99,115,65,10],[94,56,218,191,240],[51,252,126,23,115],[153,62,11,89,10],[49,8,189,46,211]]
[[182,200,23,207,131],[177,240,210,157,42],[124,139,75,236,245],[132,253,96,34,124],[106,113,174,187,151]]
[[200,115,155,80,232],[138,231,138,138,229],[173,251,50,101,214],[253,51,148,18,223],[80,61,219,89,44]]
[[46,131,128,111,212],[197,95,133,229,255],[30,33,171,179,241],[89,178,2,2,231],[111,124,31,209,131]]
[[238,208,42,31,154],[160,136,30,190,165],[170,153,32,143,248],[1,118,21,232,115],[153,93,88,25,245]]
[[96,185,151,242,209],[11,230,43,118,82],[156,68,197,149,57],[19,168,72,202,28],[206,21,154,150,210]]
[[48,92,153,234,19],[17,96,54,233,81],[248,173,197,206,22],[65,0,105,80,8],[118,172,68,250,213]]
[[197,84,104,39,145],[103,86,221,208,139],[51,12,184,154,31],[185,147,220,145,10],[168,186,108,180,43]]
[[195,203,85,58,105],[214,85,98,9,72],[3,90,73,226,33],[209,214,44,20,10],[178,96,158,32,129]]
[[198,76,186,237,46],[225,64,75,52,4],[174,222,105,233,15],[19,117,227,204,18],[48,132,94,104,131]]
[[49,248,14,80,98],[254,104,199,187,40],[80,27,10,175,160],[178,92,197,35,115],[116,200,92,135,66]]
[[197,52,112,78,118],[216,224,51,118,87],[186,77,136,246,129],[220,34,48,110,39],[16,139,28,167,18]]
[[100,59,176,69,150],[248,67,93,77,86],[249,219,175,31,248],[216,231,205,240,48],[10,190,28,35,23]]
[[14,85,85,124,74],[23,125,148,39,232],[75,177,76,144,200],[128,211,76,97,226],[130,197,46,69,113]]
[[158,48,52,34,25],[157,128,169,206,31],[99,193,161,184,104],[150,223,159,135,173],[145,118,25,15,63]]
[[123,1,53,107,57],[55,39,229,60,172],[80,126,29,147,113],[10,49,254,204,53],[43,184,202,18,180]]
[[246,165,70,228,133],[156,80,30,233,99],[223,10,9,205,163],[242,27,77,180,21],[23,239,27,77,115]]
[[135,181,247,173,248],[62,144,79,114,1],[193,60,94,175,230],[149,243,147,176,215],[171,22,31,86,111]]
[[17,170,131,104,187],[235,140,122,142,128],[67,241,56,159,150],[228,134,88,155,109],[194,88,8,166,57]]
[[114,49,212,242,184],[74,73,131,217,163],[117,201,238,34,243],[112,152,134,27,149],[4,94,220,2,235]]
[[21,41,111,57,123],[227,113,87,102,213],[81,147,206,17,227],[229,124,48,33,160],[250,135,26,18,14]]
[[219,221,118,29,94],[42,128,212,72,61],[49,20,231,132,210],[113,47,146,208,94],[56,244,41,49,203]]
[[245,15,2,206,155],[199,77,61,150,120],[5,185,162,221,175],[108,179,209,80,237],[253,78,73,106,131]]
[[147,35,14,188,211],[99,143,156,7,248],[98,201,120,177,175],[131,254,215,114,180],[245,30,204,247,169]]
[[198,110,5,169,99],[169,104,216,128,131],[131,34,178,108,46],[205,163,97,149,176],[242,187,164,23,96]]
[[166,252,27,36,190],[111,137,220,229,224],[88,210,31,79,143],[249,251,70,51,255],[134,239,183,4,206]]
[[111,212,98,84,88],[89,133,229,173,28],[206,184,158,137,160],[169,81,102,170,41],[122,5,65,108,33]]
[[25,156,148,218,46],[70,213,89,205,79],[141,104,210,119,185],[76,80,77,122,182],[123,119,77,236,169]]
[[169,188,151,118,220],[150,201,116,46,231],[209,243,31,199,165],[159,22,229,199,73],[7,134,80,140,184]]
[[80,188,122,98,167],[198,120,21,175,188],[109,114,156,178,195],[45,239,43,132,6],[80,225,219,43,214]]
[[215,254,198,105,152],[149,202,55,97,150],[184,149,13,123,101],[4,68,89,31,207],[165,202,99,124,238]]
[[89,179,30,2,159],[70,24,193,65,218],[87,91,216,114,48],[60,193,96,112,187],[175,142,180,13,9]]
[[76,177,92,62,150],[127,54,103,116,38],[181,113,183,209,5],[182,60,229,215,222],[243,218,181,191,146]]
[[90,28,80,179,225],[227,150,234,36,56],[78,47,106,117,189],[20,119,112,202,153],[209,166,253,0,163]]
[[144,245,114,132,36],[174,155,126,101,106],[37,210,105,115,65],[236,154,161,124,134],[201,80,228,227,212]]
[[219,195,110,254,241],[69,100,176,158,32],[142,72,22,55,222],[103,231,106,102,20],[60,124,87,13,161]]
[[43,228,200,70,109],[199,179,223,159,164],[31,88,169,207,142],[140,29,89,164,202],[52,242,177,82,249]]
[[59,87,121,241,5],[180,167,181,192,202],[80,251,177,227,152],[241,6,233,184,69],[170,183,135,49,79]]
[[245,85,199,146,223],[228,130,158,76,195],[252,40,203,208,215],[198,24,62,167,4],[214,97,25,110,194]]
[[255,217,146,196,211],[254,247,161,86,37],[236,165,111,32,194],[98,64,102,127,222],[184,19,36,112,98]]
[[239,38,191,78,153],[234,33,121,57,218],[102,84,173,35,112],[87,29,108,80,198],[134,9,71,5,9]]
[[130,25,39,61,22],[178,31,19,222,148],[209,2,249,87,33],[5,220,242,5,197],[18,113,146,58,65]]
[[159,10,194,233,137],[46,79,48,9,19],[233,126,209,140,29],[77,25,121,224,177],[206,188,229,155,93]]
[[55,137,97,13,92],[12,248,221,243,160],[108,85,65,11,209],[123,209,160,71,15],[173,102,21,42,59]]
[[204,152,228,167,97],[9,131,190,158,46],[250,161,252,197,114],[222,116,15,229,153],[230,145,242,161,109]]
[[49,75,34,32,213],[117,102,34,106,157],[209,174,162,15,48],[213,244,181,198,175],[38,136,125,74,3]]
[[243,25,225,182,187],[138,69,155,220,93],[188,206,29,176,204],[149,92,0,101,98],[124,250,43,159,239]]
[[117,27,40,140,222],[89,246,132,177,35],[10,204,209,126,18],[1,51,214,11,0],[179,49,125,25,11]]
[[21,198,22,156,40],[59,75,232,50,94],[224,187,249,2,111],[232,128,126,37,202],[36,150,190,85,37]]
[[61,104,18,178,14],[59,75,218,78,188],[169,13,115,29,215],[246,190,86,157,32],[102,74,68,25,67]]
[[136,62,89,92,3],[75,123,174,127,218],[29,118,1,39,133],[25,164,79,63,250],[211,233,224,124,231]]
[[179,235,96,197,97],[103,9,15,124,18],[23,244,153,31,80],[160,191,81,147,145],[40,214,91,231,16]]
