[[41,121,226,200,192,25],[211,84,146,22,37,102],[112,74,225,76,122,86],[199,192,79,180,190,60],[206,83,156,238,45,230],[67,194,66,251,158,98]]
[[110,88,49,141,168,224],[22,77,21,175,183,216],[102,166,161,184,120,240],[28,182,193,147,28,215],[68,239,221,7,70,14],[185,159,16,12,177,48]]
[[5,106,88,115,19,84],[232,245,186,103,130,175],[233,182,141,11,222,3],[115,168,228,57,240,127],[181,28,21,48,245,104],[154,54,146,208,124,165]]
[[167,138,209,74,57,201],[205,255,131,103,97,13],[204,138,35,125,62,70],[19,72,55,107,57,226],[1,40,40,181,106,45],[104,198,198,172,140,45]]
[[28,41,34,100,212,100],[85,170,57,206,57,67],[30,204,73,228,27,131],[168,246,238,157,133,102],[153,29,115,58,91,194],[223,143,21,246,222,5]]
[[98,239,81,234,164,164],[73,104,102,52,94,6],[90,248,187,192,227,37],[183,63,110,125,120,51],[241,223,156,208,192,15],[237,23,212,96,215,38]]
[[240,34,229,70,4,74],[193,22,231,19,212,125],[56,19,177,239,122,116],[138,78,111,45,160,38],[129,197,170,186,117,57],[79,67,1,74,19,186]]
[[147,231,102,167,175,235],[12,64,127,95,18,144],[177,32,138,156,210,74],[125,226,24,217,50,94],[218,17,97,108,35,132],[75,32,38,32,185,9]]
[[181,46,82,91,173,195],[73,207,188,210,203,143],[192,152,33,23,177,132],[174,54,246,130,83,180],[96,230,224,13,30,115],[222,216,201,158,91,110]]
[[81,82,6,241,125,74],[189,37,99,168,32,223],[50,174,52,113,142,211],[222,148,119,208,8,149],[244,246,144,7,62,118],[252,110,81,90,119,91]]
[[87,205,112,22,126,158],[25,66,191,211,203,184],[27,147,80,68,167,195],[228,121,179,235,137,207],[194,151,247,194,102,235],[244,214,211,230,123,222]]
[[132,234,151,254,29,103],[55,232,239,126,87,79],[252,143,143,51,64,205],[62,229,9,4,215,40],[168,109,53,207,24,104],[165,233,16,177,104,234]]
[[82,142,241,70,203,211],[85,73,96,183,113,199],[195,166,254,170,226,238],[114,59,169,252,179,141],[116,245,231,211,246,207],[25,6,42,108,63,199]]
[[38,10,23,52,40,38],[43,240,10,127,202,70],[87,68,195,30,120,177],[241,181,248,193,88,51],[153,69,170,234,29,23],[217,225,103,220,79,16]]
[[113,94,90,173,118,235],[228,190,161,117,23,26],[176,60,190,76,62,221],[195,249,3,18,250,78],[190,144,252,219,246,55],[1,101,221,76,171,104]]
[[165,208,134,238,161,4],[251,223,167,56,194,37],[74,215,181,19,47,15],[70,138,101,86,195,134],[158,22,102,33,138,251],[148,118,163,32,222,96]]
[[189,162,10,169,81,190],[117,105,24,6,242,148],[64,235,98,182,222,16],[72,163,145,44,140,224],[104,154,102,74,102,63],[136,103,17,40,177,7]]
[[224,109,199,94,232,108],[194,30,31,70,4,128],[158,58,31,63,204,144],[95,1,3,155,119,103],[190,234,10,201,55,61],[82,118,50,202,255,84]]
[[60,17,81,158,7,20],[102,36,92,42,194,215],[62,233,253,166,116,76],[65,244,153,96,103,70],[194,46,71,235,205,50],[190,237,101,25,46,3]]
[[226,105,157,13,179,3],[67,17,235,88,179,145],[137,195,62,86,195,215],[24,249,181,102,142,55],[179,170,27,86,102,238],[58,131,250,46,26,220]]
