[[200,222,212,52,177,192,238],[114,241,141,117,150,224,75],[164,65,200,30,247,65,127],[169,190,86,242,202,168,15],[6,31,112,239,157,182,139],[180,51,114,204,85,201,170],[41,148,32,65,175,24,227]]
[[180,244,97,97,40,143,144],[214,180,171,109,65,39,45],[71,61,68,216,61,142,112],[255,234,106,253,222,226,147],[233,216,132,134,206,72,158],[115,94,201,155,69,58,55],[2,94,255,220,20,161,208]]
[[114,231,205,94,168,157,97],[178,132,252,222,182,253,77],[186,214,64,77,198,58,43],[229,117,163,79,133,148,229],[134,104,239,69,247,117,196],[206,18,240,0,79,148,204],[103,27,159,245,204,77,197]]
[[117,47,193,159,28,15,102],[191,112,51,252,179,107,84],[4,199,71,108,11,141,16],[214,213,47,223,134,57,241],[60,254,180,194,174,87,28],[196,222,242,9,28,37,107],[114,123,162,123,36,69,91]]
[[50,250,28,61,180,12,121],[12,70,82,83,5,47,82],[0,56,113,238,233,52,147],[230,133,68,160,72,31,132],[145,41,57,25,157,112,17],[188,66,106,198,68,233,106],[57,133,17,197,214,190,13]]
[[230,215,127,43,36,228,227],[192,84,236,141,112,117,182],[109,7,227,160,66,223,92],[68,205,160,80,229,171,139],[20,196,124,0,95,150,121],[108,94,90,162,148,41,36],[189,13,206,192,235,103,19]]
[[132,22,144,175,92,65,123],[73,14,155,91,75,38,197],[183,8,211,227,39,177,32],[41,88,114,101,246,228,214],[121,225,154,97,51,107,10],[181,211,120,18,121,73,53],[122,235,172,85,186,46,247]]
[[189,141,145,37,50,34,124],[162,154,72,62,109,81,91],[6,88,47,52,12,181,139],[135,209,199,26,190,194,196],[137,52,208,147,237,214,65],[31,222,152,174,145,107,0],[135,249,65,176,65,179,66]]
[[33,123,247,92,74,100,9],[72,196,196,65,56,19,72],[152,152,143,169,146,246,2],[99,223,242,89,49,14,130],[29,167,57,203,213,32,175],[161,1,86,102,105,155,81],[17,168,95,27,98,237,220]]
[[68,66,56,52,193,97,67],[77,66,74,163,104,109,229],[98,151,62,148,149,207,42],[116,127,215,178,151,193,186],[77,233,225,220,250,123,18],[184,250,187,158,175,237,150],[110,41,30,111,128,225,204]]
[[247,128,67,134,178,153,214],[32,184,66,173,80,87,131],[72,79,192,74,148,59,22],[183,231,112,34,15,233,216],[36,39,36,215,151,199,69],[50,175,250,189,248,163,180],[167,100,93,183,243,63,228]]
[[153,188,112,177,86,13,31],[165,213,61,28,9,17,157],[143,155,184,211,209,148,202],[62,206,15,140,212,129,224],[31,126,187,154,74,213,1],[17,99,170,88,249,57,45],[47,104,245,146,33,76,147]]
[[170,59,208,15,11,99,132],[136,158,70,102,47,111,147],[40,246,190,45,123,194,42],[245,168,143,4,182,237,195],[162,19,96,19,187,50,115],[202,122,49,11,136,225,147],[85,72,183,92,248,65,248]]
[[205,1,107,61,73,163,182],[178,64,185,67,55,104,75],[176,131,195,198,226,43,32],[203,49,67,204,29,184,60],[121,155,94,234,105,178,174],[51,18,136,245,169,116,227],[66,234,212,123,234,164,101]]
[[32,144,13,18,244,23,24],[24,134,133,129,0,164,120],[181,223,164,132,204,175,77],[159,99,131,60,233,33,5],[78,76,132,125,101,17,247],[161,238,72,124,91,86,112],[123,109,87,117,236,81,218]]
[[113,72,19,144,137,125,133],[43,75,23,85,78,147,9],[133,154,200,77,203,92,77],[245,197,14,53,57,58,13],[39,62,201,172,99,86,173],[134,60,96,43,149,248,247],[48,7,121,40,10,82,111]]
[[71,147,126,114,30,84,6],[29,114,183,223,197,98,193],[157,37,82,187,17,245,237],[131,167,97,21,22,21,11],[202,228,167,182,20,174,83],[43,52,46,183,49,125,33],[140,196,52,19,10,194,244]]
[[111,82,11,76,160,193,56],[82,108,187,152,164,101,196],[237,17,16,157,83,109,83],[56,158,214,6,204,114,163],[249,51,67,164,131,79,171],[73,240,196,119,45,174,69],[231,119,138,189,70,201,77]]
[[121,56,18,212,13,151,211],[14,128,204,157,216,163,71],[0,83,75,50,199,225,93],[231,98,253,29,26,248,19],[19,13,92,197,37,237,235],[126,37,10,77,185,84,197],[7,150,236,130,195,196,120]]
[[117,222,143,19,148,211,131],[116,79,182,146,41,44,15],[66,159,176,71,229,225,194],[107,83,186,204,12,152,77],[153,30,137,109,186,197,180],[51,0,195,97,121,122,49],[158,254,141,157,67,148,254]]
