[[183,193,86,37,134,16,131,19],[151,65,119,47,109,211,58,203],[31,38,24,105,1,253,219,168],[226,67,16,199,198,119,3,62],[238,14,94,58,42,53,234,76],[225,37,83,243,158,43,177,16],[15,151,92,116,148,104,205,184],[228,172,66,67,0,186,75,32]]
[[11,129,253,248,7,71,167,2],[44,82,34,103,35,122,54,181],[79,239,7,235,7,44,119,118],[23,251,63,215,190,95,240,56],[177,43,114,230,198,169,223,205],[14,22,240,184,123,164,226,2],[31,43,187,163,14,77,62,95],[104,209,171,37,58,103,9,18]]
[[3,204,84,1,11,191,33,56],[38,4,57,180,149,181,38,93],[146,51,174,176,68,97,84,179],[102,7,230,248,3,252,155,11],[110,196,50,35,116,200,209,128],[176,171,155,252,232,46,0,192],[19,254,54,111,123,247,233,161],[119,160,153,4,216,39,52,41]]
[[210,130,109,96,182,251,76,59],[24,1,93,34,61,6,87,151],[66,249,183,130,141,165,197,115],[221,182,178,245,8,193,100,193],[14,97,13,118,74,73,84,6],[165,151,190,228,255,158,234,245],[57,240,46,173,7,221,86,65],[237,48,236,26,76,196,25,174]]
[[6,92,96,180,214,235,166,218],[154,99,253,68,72,135,128,20],[62,213,158,153,135,36,178,153],[11,48,68,177,27,137,81,153],[174,151,4,41,76,120,181,221],[104,112,123,223,97,165,139,204],[245,51,200,64,144,145,113,225],[168,198,169,166,167,244,190,16]]
[[8,119,142,25,191,176,162,153],[11,108,237,107,125,87,237,225],[18,221,85,145,55,119,179,53],[27,43,10,51,126,200,219,25],[146,249,223,31,209,235,89,216],[143,246,16,248,144,88,106,26],[88,103,64,255,128,59,121,88],[96,212,155,163,246,48,69,198]]
[[62,158,86,196,22,69,176,213],[177,143,1,220,235,203,89,146],[56,94,33,86,212,204,69,227],[249,176,238,119,68,250,34,99],[84,23,131,34,191,29,160,236],[12,242,73,253,135,27,168,187],[245,107,80,89,28,207,10,112],[88,113,201,101,86,57,144,182]]
[[137,90,252,94,217,187,247,162],[37,84,64,151,220,178,35,166],[197,150,98,130,151,163,114,231],[37,29,173,235,142,129,142,131],[11,17,65,247,139,225,222,16],[63,137,201,18,251,20,187,251],[57,89,134,36,188,133,53,130],[230,237,225,38,99,130,145,119]]
[[206,95,170,99,204,166,61,53],[38,128,110,230,134,70,62,101],[96,125,224,172,65,148,30,51],[66,196,42,156,203,102,97,52],[182,119,168,140,222,213,107,174],[130,121,111,121,129,247,40,213],[133,38,193,16,79,168,31,58],[65,119,32,7,123,159,105,190]]
[[83,145,79,231,247,135,237,186],[104,8,69,96,162,65,129,13],[141,181,185,78,231,29,2,178],[215,148,95,159,92,72,84,204],[14,41,176,50,28,237,223,101],[196,177,69,213,127,54,182,244],[202,215,242,111,238,57,61,21],[94,35,196,28,110,240,50,100]]
[[130,1,137,45,75,105,149,46],[56,216,148,177,104,157,113,75],[238,56,167,124,32,101,42,230],[183,243,59,170,21,72,118,134],[12,26,141,70,6,12,107,63],[245,19,236,108,62,153,249,219],[52,27,177,61,212,122,209,29],[213,161,116,86,45,234,24,239]]
[[128,13,208,168,83,105,113,236],[106,155,153,10,130,244,83,200],[25,36,54,86,189,29,99,107],[176,155,49,20,221,84,64,166],[113,170,77,37,56,0,17,141],[171,210,191,50,187,213,167,93],[2,160,226,109,205,122,68,43],[105,68,38,63,161,95,39,214]]
[[216,33,227,186,247,215,57,32],[74,190,55,206,99,161,140,115],[92,147,170,7,160,168,237,132],[174,138,94,205,99,203,252,132],[28,101,46,245,170,111,147,181],[214,125,107,156,202,20,156,221],[59,125,5,13,247,95,195,47],[50,95,12,109,120,107,187,126]]
[[212,57,167,238,212,222,221,6],[241,140,177,225,189,155,214,195],[217,104,121,249,102,180,166,78],[29,117,67,140,149,102,148,255],[53,85,148,79,255,174,64,142],[240,186,69,160,192,174,98,139],[160,49,199,107,22,129,58,46],[178,148,138,170,143,162,90,67]]
[[110,126,70,204,9,30,179,76],[216,229,243,215,192,91,107,80],[230,69,207,146,106,239,242,61],[77,96,55,160,197,63,191,226],[161,9,74,153,169,8,201,88],[44,181,158,177,172,15,21,230],[183,88,96,129,126,88,62,126],[138,8,127,168,229,19,133,152]]
[[172,62,202,65,100,20,154,175],[113,180,82,70,47,254,239,20],[220,219,126,0,248,215,40,76],[10,94,144,33,166,248,65,105],[251,251,226,81,7,46,222,178],[85,31,86,74,168,253,114,17],[174,31,254,79,241,186,160,210],[158,50,27,204,45,110,89,25]]
[[110,249,193,100,139,228,105,151],[236,229,12,249,102,172,179,92],[203,217,21,190,185,243,39,81],[32,239,174,204,241,202,253,155],[30,247,249,219,203,229,74,227],[43,3,176,141,42,9,186,93],[59,195,231,70,6,31,215,121],[210,112,68,155,53,156,165,33]]
[[155,18,229,169,255,217,249,176],[41,85,190,189,54,61,119,174],[139,58,52,15,116,194,140,32],[15,245,174,106,202,71,43,67],[64,226,63,156,200,86,91,140],[92,218,192,233,167,29,225,90],[56,165,230,71,16,168,200,9],[97,18,51,89,152,39,90,239]]
[[54,21,245,213,1,26,121,197],[176,157,5,133,195,252,220,205],[120,114,197,3,86,155,103,247],[45,17,134,166,103,168,32,248],[230,93,192,253,243,177,42,10],[60,112,19,189,91,139,199,113],[26,234,230,9,175,163,17,154],[172,252,167,238,147,210,94,8]]
[[59,205,7,183,101,123,57,28],[103,109,70,218,245,34,199,238],[200,194,113,204,104,11,50,163],[111,148,211,108,211,6,108,192],[128,194,137,100,32,167,192,20],[222,137,96,204,163,197,149,200],[239,27,240,46,160,174,20,40],[94,132,159,106,164,248,223,219]]
