[[38,175,229,155,142,65,171,163,96],[222,222,20,119,107,254,84,70,62],[59,117,177,147,49,9,140,173,234],[58,223,213,68,189,83,153,12,185],[192,238,15,247,13,162,21,114,82],[108,207,16,208,142,217,109,229,181],[100,145,125,220,14,223,85,112,195],[137,153,33,192,220,94,68,146,87],[46,66,103,14,126,190,181,32,221]]
[[248,71,237,16,50,25,234,34,43],[91,6,177,147,144,244,145,195,7],[205,2,64,91,183,227,241,214,227],[192,199,166,37,182,156,135,50,242],[158,36,0,145,2,2,207,210,94],[101,156,111,183,52,124,166,39,76],[117,23,10,61,180,57,67,178,45],[153,44,60,219,81,240,158,78,107],[92,75,0,30,195,92,212,96,7]]
[[195,103,45,223,197,169,99,173,219],[6,51,249,40,193,57,170,34,7],[167,156,153,61,134,227,125,2,162],[243,74,184,141,48,171,110,52,154],[11,19,74,254,31,104,83,13,24],[102,58,44,178,175,208,178,228,90],[30,133,223,72,97,195,6,111,98],[35,120,3,78,184,141,157,159,14],[187,168,124,48,233,121,203,23,198]]
[[145,129,246,161,134,53,72,128,17],[137,9,89,150,22,129,167,40,20],[220,106,230,90,202,209,2,1,159],[130,158,139,198,151,168,7,58,206],[216,246,6,136,116,109,80,232,144],[231,33,117,106,203,163,1,206,147],[26,156,95,63,56,145,242,231,31],[184,20,230,78,15,214,123,145,18],[184,49,178,166,21,232,162,167,238]]
[[142,160,234,143,144,35,156,156,119],[229,157,19,34,56,96,112,251,81],[79,109,210,40,230,97,127,161,239],[78,56,48,48,26,201,18,204,240],[229,43,40,254,227,176,74,132,18],[63,99,118,185,121,22,97,155,130],[89,101,184,136,15,238,50,78,99],[70,181,130,72,15,107,111,137,208],[40,80,137,34,221,97,78,64,61]]
[[83,178,40,52,137,33,107,45,28],[154,244,223,26,32,226,239,37,244],[39,134,199,35,11,247,45,160,169],[203,116,78,147,209,170,39,122,122],[129,68,57,16,238,209,18,224,2],[162,58,182,65,56,154,160,250,98],[121,99,144,150,197,87,165,52,211],[154,53,254,171,95,252,232,48,121],[46,66,242,162,107,156,201,74,14]]
[[14,63,24,229,43,82,126,55,73],[157,79,154,228,115,167,236,61,235],[206,240,14,202,36,226,123,111,245],[41,116,104,225,152,145,67,158,165],[146,148,124,238,87,227,210,187,231],[81,200,213,144,139,169,206,11,107],[206,67,27,52,105,186,92,84,193],[223,187,182,9,161,212,2,90,167],[110,223,153,41,247,104,250,41,166]]
[[150,133,153,81,74,136,54,3,244],[16,218,205,227,105,190,172,207,222],[192,233,27,155,57,253,78,37,192],[104,28,198,24,69,243,93,139,88],[71,164,111,85,215,144,177,71,5],[133,184,103,99,53,121,155,0,44],[140,60,109,74,113,45,174,125,101],[225,181,157,29,46,70,226,176,12],[151,1,93,137,205,237,132,59,109]]
[[91,13,155,157,117,178,217,235,242],[207,1,71,95,113,200,93,140,124],[250,174,10,252,105,15,60,11,121],[240,145,222,88,172,77,49,232,72],[78,253,239,3,48,248,141,254,127],[27,51,88,87,45,25,49,6,141],[109,94,163,139,97,106,57,231,89],[20,118,84,249,45,136,127,15,141],[140,247,126,17,110,106,143,33,215]]
[[165,135,44,90,119,112,235,47,161],[206,193,219,240,77,43,190,53,252],[233,231,82,126,123,116,30,122,249],[0,155,162,53,69,213,34,244,208],[68,147,65,252,247,119,146,62,169],[232,31,241,240,50,122,47,13,245],[236,110,104,133,91,215,187,150,57],[21,135,184,14,84,12,236,244,174],[53,249,75,194,181,189,87,227,18]]
[[130,172,216,64,26,192,48,27,92],[118,47,213,132,143,204,194,133,87],[136,205,9,160,212,107,173,49,17],[6,131,25,143,130,49,175,125,129],[240,161,28,127,135,98,66,46,157],[143,176,16,42,117,46,107,132,131],[27,224,214,109,145,231,174,42,150],[67,229,171,163,211,17,75,208,227],[59,8,69,165,94,166,204,30,128]]
[[25,103,46,132,247,240,64,34,165],[214,57,153,0,85,55,35,152,108],[15,187,175,247,89,46,168,14,30],[54,210,217,103,44,218,142,228,158],[34,21,218,43,15,56,248,231,101],[233,194,51,86,158,56,73,227,198],[75,36,96,53,43,168,75,230,99],[97,124,196,246,20,152,168,110,24],[200,230,136,156,237,63,39,129,153]]
[[110,30,86,117,183,104,104,36,54],[250,222,197,112,151,24,117,70,18],[224,48,192,78,2,6,26,107,191],[15,85,236,58,235,127,8,163,106],[13,92,254,21,15,70,23,104,14],[10,30,62,89,98,219,130,42,113],[170,32,27,80,91,75,168,88,206],[73,191,242,69,103,243,172,103,232],[19,202,33,122,54,152,246,15,76]]
[[161,80,23,32,226,251,65,66,181],[192,172,96,149,66,176,73,202,101],[49,195,153,93,65,143,123,217,37],[124,124,38,179,84,140,50,255,84],[87,132,88,173,192,204,56,227,80],[194,251,103,180,205,71,106,166,107],[36,14,59,242,67,23,41,50,71],[142,251,216,163,33,122,2,131,43],[164,199,19,65,159,158,248,81,185]]
[[85,240,246,76,26,120,222,177,3],[67,122,7,124,147,156,218,151,18],[31,139,88,220,199,48,69,116,247],[228,124,125,107,220,235,246,116,223],[249,165,177,39,79,214,57,99,89],[246,220,250,126,18,1,241,16,149],[92,120,40,198,6,164,127,248,53],[133,215,157,26,132,30,187,223,240],[96,247,60,128,162,99,213,77,151]]
[[119,236,103,97,187,239,97,228,80],[139,137,193,168,204,157,4,33,107],[218,231,213,98,214,75,151,242,85],[3,6,255,66,23,145,67,249,87],[40,245,91,245,145,238,204,151,221],[204,168,28,112,0,63,207,50,254],[191,213,86,203,201,175,94,137,104],[173,253,231,248,214,222,118,185,20],[245,15,70,225,17,33,17,205,8]]
[[94,90,230,214,179,207,90,251,127],[12,45,230,185,155,18,180,10,228],[193,17,134,87,237,94,152,146,112],[153,72,159,78,246,140,24,217,128],[75,211,95,79,26,229,120,65,224],[251,152,57,170,52,210,205,104,237],[86,6,107,136,62,33,94,191,178],[223,189,53,89,161,193,144,105,53],[133,113,245,160,222,172,125,155,248]]
[[26,171,161,234,22,150,4,40,26],[235,35,94,27,213,153,164,82,237],[191,128,136,160,129,186,243,235,62],[189,118,39,123,226,189,169,170,219],[188,252,1,90,251,14,11,96,104],[94,67,137,207,120,28,183,136,194],[151,127,186,68,227,89,218,234,46],[7,21,163,173,165,170,115,143,202],[42,90,35,210,230,94,71,211,116]]
[[44,92,249,104,240,56,244,240,244],[183,160,125,200,242,226,229,32,32],[8,235,146,170,220,151,208,7,217],[79,102,170,95,144,53,202,148,125],[45,98,93,92,5,160,220,139,182],[129,166,0,202,208,218,40,65,211],[223,128,127,97,151,232,94,165,137],[74,88,15,71,253,94,100,183,188],[194,171,230,241,205,80,224,79,95]]
[[63,206,115,209,147,203,56,86,231],[126,176,159,157,121,3,151,144,214],[89,92,8,32,120,240,40,52,244],[1,98,101,249,128,161,94,91,91],[136,28,245,187,48,98,203,71,41],[73,10,131,222,0,67,89,22,231],[56,107,159,195,55,237,200,64,215],[166,242,228,124,46,201,91,63,222],[33,112,29,77,107,57,207,11,233]]
